0 35.510204
1 36.863014
2 36.382192
3 36.930612
4 37.191156
5 37.246259
6 38.100680
7 38.999315
8 37.864626
9 38.521918
10 37.938095
11 37.151020
12 38.381633
13 38.925170
14 38.212925
15 36.878231
16 37.367347
17 38.325170
18 38.368027
19 37.468966
20 37.266667
21 38.131973
22 39.144218
23 38.674150
24 38.204762
25 37.986207
26 38.285714
27 38.626531
28 38.021088
29 38.565306
30 37.605442
31 36.504762
32 37.611565
33 37.823973
34 38.368707
35 38.171429
36 37.920408
37 39.341497
38 37.514384
39 38.210884
40 39.368707
41 39.612245
42 39.818367
43 39.914286
44 38.694558
45 39.340136
46 40.898639
47 40.061224
48 40.186395
49 40.063946
50 40.166438
51 40.825850
52 41.097959
53 40.151020
54 40.014286
55 40.185616
56 39.862585
57 39.789116
58 40.591837
59 42.257143
60 41.517007
61 41.790476
62 41.436735
63 40.885034
64 41.036735
65 42.034014
66 42.474830
67 44.924658
68 44.789116
69 43.933108
70 44.202721
71 44.264626
72 45.097279
73 43.421622
74 44.379730
75 46.804054
76 46.482313
77 45.741892
78 45.743243
79 45.406757
80 46.951351
81 48.345270
82 47.791892
83 46.906081
84 46.775676
85 47.277027
86 46.885135
87 47.059459
88 47.546622
89 48.066892
90 48.108108
91 49.761224
92 50.237838
93 49.046622
94 50.533784
95 52.149324
96 52.296622
97 50.429252
98 51.290541
99 51.906081
100 51.628378
101 51.197297
102 52.528378
103 53.568919
104 54.775000
105 54.188514
106 54.364865
107 55.201351
108 55.351351
109 54.527027
110 55.906081
111 55.905405
112 57.364865
113 56.445946
114 55.107432
115 55.486486
116 56.776351
117 56.350676
118 57.392568
119 56.534459
120 56.891892
121 57.993919
122 57.831757
123 59.325000
124 61.074324
125 61.000000
126 61.393878
127 60.632653
128 59.809524
129 61.332653
130 61.081757
131 60.735135
132 61.371622
133 62.285034
134 63.500676
135 63.776351
136 63.974324
137 65.230405
138 66.100676
139 64.862838
140 64.364189
141 65.831081
142 65.242568
143 65.926351
144 66.856081
145 66.715541
146 67.209459
147 67.054054
148 67.641216
149 67.864189
150 67.431757
151 67.015541
152 67.985811
153 69.823649
154 69.418243
155 69.518919
156 70.481081
157 71.243919
158 71.460135
159 70.637162
160 71.170270
161 72.919595
162 73.419595
163 73.641892
164 74.783784
165 74.749324
166 74.398649
167 74.648649
168 75.711486
169 75.460135
170 76.864189
171 77.404730
172 77.596622
173 78.250676
174 78.946622
175 78.715541
176 78.872297
177 79.533784
178 80.660811
179 81.204054
180 80.769595
181 80.485811
182 81.229730
183 81.291892
184 81.763514
185 81.741216
186 81.818243
187 82.689189
188 82.135135
189 81.736486
190 82.014189
191 83.162162
192 82.978378
193 82.770946
194 83.120946
195 83.108108
196 82.607432
197 83.183784
198 82.842568
199 82.702027
200 82.594595
201 81.972297
202 82.175676
203 82.926351
204 82.513514
205 82.108108
206 82.236486
207 82.276351
208 82.329730
209 82.189189
210 82.331757
211 81.572973
212 81.883784
213 82.168243
214 82.094595
215 81.177551
216 81.762838
217 81.675676
218 81.857432
219 82.087838
220 81.831081
221 80.675000
222 80.547297
223 81.209459
224 81.229730
225 80.877703
226 80.784459
227 81.229730
228 81.242568
229 80.783784
230 80.378378
231 79.413514
232 79.290541
233 79.769595
234 79.728378
235 79.803378
236 80.066216
237 80.154054
238 80.628378
239 79.202027
240 79.337838
241 79.574324
242 78.886486
243 78.473649
244 78.188514
245 77.506081
246 76.981081
247 76.837838
248 77.458108
249 76.547973
250 75.034459
251 74.081081
252 73.662838
253 73.933108
254 72.202027
255 72.175676
256 71.723649
257 71.695946
258 71.365541
259 72.006081
260 72.331757
261 71.433108
262 70.061486
263 69.790541
264 68.485811
265 68.770270
266 68.952703
267 67.885135
268 68.493919
269 67.345270
270 67.433108
271 66.654730
272 67.702027
273 67.181081
274 67.106757
275 66.574324
276 64.715541
277 63.141892
278 63.337162
279 62.823649
280 64.244595
281 62.587838
282 62.216216
283 62.311486
284 61.547973
285 61.520946
286 60.897973
287 60.777551
288 60.006081
289 59.123129
290 58.829730
291 58.195270
292 58.635135
293 58.489933
294 57.704730
295 56.624161
296 56.476510
297 56.381879
298 56.087919
299 55.418121
300 54.973826
301 54.685906
302 52.764189
303 50.504027
304 51.583893
305 50.474324
306 50.317568
307 51.094595
308 51.351351
309 51.120946
310 51.399324
311 49.918919
312 49.695946
313 49.344595
314 49.811486
315 46.564189
316 47.504762
317 47.340136
318 47.512838
319 46.702027
320 46.374150
321 45.196622
322 45.777027
323 46.656081
324 46.568243
325 44.319595
326 44.188514
327 43.980952
328 46.127027
329 44.608784
330 42.142568
331 40.981081
332 41.885811
333 43.217568
334 45.082432
335 43.750000
336 43.439865
337 42.568919
338 42.656081
339 41.404730
340 40.614189
341 39.358108
342 39.250676
343 40.953741
344 39.925170
345 40.427027
346 40.251351
347 39.189865
348 39.050676
349 40.204730
350 39.326351
351 38.337838
352 38.749324
353 38.304054
354 38.884459
355 38.244898
356 38.269595
357 37.150000
358 37.493919
359 38.356081
360 37.777703
361 37.974324
362 38.009459
363 37.243919
364 36.205405
365 35.312838
