0 35.795455
1 36.551724
2 35.860465
3 36.781609
4 37.655172
5 37.206897
6 38.114943
7 38.816092
8 38.379310
9 38.413793
10 37.057471
11 37.045977
12 38.080460
13 37.816092
14 36.206897
15 35.885057
16 35.781609
17 36.816092
18 36.666667
19 35.302326
20 35.873563
21 37.471264
22 38.379310
23 37.770115
24 37.735632
25 37.267442
26 37.390805
27 38.310345
28 37.781609
29 37.103448
30 35.045977
31 36.252874
32 37.724138
33 37.209302
34 39.103448
35 38.632184
36 37.149425
37 39.183908
38 36.712644
39 36.172414
40 38.609195
41 39.505747
42 38.425287
43 37.183908
44 37.218391
45 39.379310
46 40.655172
47 39.632184
48 39.356322
49 38.333333
50 39.160920
51 40.609195
52 40.114943
53 40.160920
54 38.862069
55 39.232558
56 38.379310
57 38.965517
58 39.022989
59 39.000000
60 39.896552
61 41.436782
62 41.287356
63 40.333333
64 39.195402
65 39.678161
66 41.494253
67 44.476744
68 43.114943
69 41.931818
70 41.862069
71 42.528736
72 42.816092
73 40.636364
74 42.227273
75 44.875000
76 45.375000
77 45.602273
78 45.500000
79 44.272727
80 45.318182
81 47.000000
82 47.045455
83 47.159091
84 45.840909
85 44.852273
86 45.011364
87 46.511364
88 48.102273
89 46.738636
90 46.227273
91 48.488636
92 50.386364
93 49.659091
94 50.193182
95 50.988636
96 50.488636
97 48.747126
98 49.647727
99 50.625000
100 51.522727
101 50.329545
102 51.772727
103 53.306818
104 53.284091
105 52.647727
106 54.056818
107 54.693182
108 54.318182
109 54.431818
110 56.329545
111 56.113636
112 57.159091
113 54.465909
114 53.204545
115 54.806818
116 57.215909
117 56.784091
118 56.420455
119 56.113636
120 57.056818
121 58.602273
122 57.693182
123 58.034091
124 59.772727
125 60.102273
126 59.770115
127 59.758621
128 59.862069
129 60.701149
130 59.681818
131 61.522727
132 61.431818
133 61.425287
134 62.636364
135 62.102273
136 62.568182
137 64.818182
138 64.886364
139 64.238636
140 63.750000
141 64.863636
142 65.079545
143 66.181818
144 67.045455
145 67.250000
146 67.090909
147 66.431818
148 66.579545
149 67.306818
150 67.443182
151 66.102273
152 66.363636
153 68.397727
154 67.784091
155 68.340909
156 69.477273
157 69.147727
158 70.488636
159 70.022727
160 70.613636
161 72.443182
162 72.931818
163 73.431818
164 75.079545
165 74.863636
166 74.238636
167 75.102273
168 76.784091
169 75.784091
170 76.886364
171 77.102273
172 77.045455
173 77.954545
174 79.170455
175 78.022727
176 78.295455
177 79.090909
178 79.681818
179 80.113636
180 79.568182
181 79.909091
182 80.454545
183 80.306818
184 80.568182
185 80.625000
186 80.625000
187 81.477273
188 81.022727
189 80.852273
190 81.170455
191 82.000000
192 82.113636
193 82.090909
194 82.647727
195 82.511364
196 82.488636
197 81.965909
198 81.431818
199 80.659091
200 81.681818
201 81.681818
202 81.227273
203 82.363636
204 82.011364
205 81.397727
206 82.045455
207 82.284091
208 82.102273
209 82.159091
210 81.863636
211 80.977273
212 81.704545
213 81.659091
214 81.852273
215 81.379310
216 82.000000
217 81.522727
218 80.875000
219 81.136364
220 80.897727
221 80.511364
222 80.625000
223 80.409091
224 81.545455
225 80.806818
226 81.056818
227 81.147727
228 80.738636
229 80.636364
230 79.784091
231 78.840909
232 77.784091
233 78.659091
234 78.954545
235 79.261364
236 79.363636
237 78.988636
238 79.511364
239 78.590909
240 78.113636
241 79.068182
242 78.284091
243 78.727273
244 77.806818
245 76.329545
246 75.909091
247 76.147727
248 76.500000
249 75.488636
250 74.443182
251 73.227273
252 72.818182
253 72.704545
254 72.034091
255 73.204545
256 72.625000
257 71.761364
258 71.329545
259 71.454545
260 72.704545
261 71.329545
262 70.522727
263 70.568182
264 69.784091
265 70.238636
266 69.443182
267 67.704545
268 67.681818
269 65.386364
270 66.772727
271 66.511364
272 66.636364
273 66.386364
274 66.795455
275 66.681818
276 64.511364
277 63.659091
278 63.761364
279 62.852273
280 63.750000
281 63.409091
282 63.943182
283 62.863636
284 60.806818
285 61.022727
286 60.704545
287 60.909091
288 60.261364
289 58.712644
290 58.522727
291 58.670455
292 57.761364
293 57.134831
294 56.943182
295 56.213483
296 56.168539
297 56.000000
298 54.808989
299 54.955056
300 55.191011
301 54.258427
302 52.193182
303 50.325843
304 52.415730
305 50.272727
306 50.704545
307 51.750000
308 50.579545
309 50.136364
310 50.125000
311 47.625000
312 47.863636
313 48.625000
314 50.170455
315 46.431818
316 46.750000
317 46.724138
318 47.863636
319 46.568182
320 45.425287
321 44.340909
322 45.534091
323 47.125000
324 46.204545
325 43.420455
326 44.045455
327 44.459770
328 46.386364
329 44.159091
330 43.556818
331 41.875000
332 42.659091
333 44.613636
334 46.659091
335 45.147727
336 43.795455
337 42.386364
338 42.886364
339 41.579545
340 40.863636
341 39.693182
342 39.022727
343 41.517241
344 39.816092
345 40.840909
346 40.511364
347 39.238636
348 39.431818
349 40.954545
350 39.000000
351 37.727273
352 38.750000
353 38.670455
354 38.875000
355 38.540230
356 39.420455
357 37.875000
358 37.420455
359 38.284091
360 37.511364
361 38.397727
362 38.193182
363 37.795455
364 35.579545
365 34.988636
